374

Cic. rhetorica

deOr.11,69,278 6‚3‚88 Top. 10‚42 5,10‚7
70‚281 6‚3‚84 21 3,5,15
71‚289 6,3,23 21,79 3,5,5ς 7,1 4
82 3‚8‚14 21‚80 3,5,18
82,334 3‚8,1 21,81 . 3,5,6
86,352 11,2,14 22,85 et87 7‚3,8
86,354 11,2,21 23,88 7,3,28
87,358 11,2,22 24,91 3‚3,15
88‚360 11,2,26 25,93 3,6,13

111‚10‚37 11‚1‚1 .25‚94 3‚7‚28

11,42 11,3,10 25,Θὸ 3,11,18
1434 2313 2637 4334
14,55 2,20,9 loci communes a Cic. compositi 2,
15sq. 1Pr.§13 1,11
2433 2,4,42 fragm. rhet. 6,2,32; 10338
26,101 2,12,7 Cic. orationes >
30 3‚5,15 p. Arch. 1,1 11,1,19; 11‚3,97
31 1233 8,19 5,11,25; 83,75;9,4,
41,164 8,6,15 443 11‚1‚34; 11‚3,84 et 167
50‚194 10‚7‚19 in Q. Caecil. cf. Verr.
52sqq.§20l—209 9‚1‚26sqq. p.Caec. 1‚1 9,3,80

53302 9,2,40
55310 11,1,4
56313 1133
56314 113115

59320 1,11,18;113,128

59,222 11‚3,1
Part.or. 1‚3 3,3,‘1
5‚16 8,3‚36

6‚19 sq. 8,3‚42 sq.
9‚31 4,2,107

1832 3,5,6 1935 5,10,98
2737 3335 2932 9332
23103 3,11,19 pcael. 4,1,31 et393 4337; 9339;
30304 3,11,10 11,133
30,105 7335 2,4 11,1,28
c. ‘ 1 et. . 12 11 6
131161.2,15,Ξ; 3,1ἳ,82οῗ’ξ,’35,(6; 3338 sq. 1313? 5313,’ἓο; 9338
et 64 13 32 933
163 33,4 14'sq. 3,8‚54
5sq. 2,21,4 1433 9,4,102; 12,1031
53 2,15,56133; 2 17 2 1434 9,4,104
6 3,5,14 1535 93303
8,10 3330 1536 8332
11,14 3333 1633 3,4,1
14,19 3,11,9.10.12 1739 9,2,15
30‚46 sq. 5,10,78 2233 9347
30,49 53135123 2632 9334,
3131 5,103.73; 5,11,2; 5, 2939 6335
11,28 in Catil. Ι 12,10,61
3437 5,10,6 1,1 4,1,68; 9333330
{ss’3?⁵q· ζ’ῗῒέ ἓξ ἓ’ῗ1’ῗὲ;9’3’44
5 Ί 7 ἳ 3 ¹
56 6,1,27 2,4 9339
Top. 3,12 5,10,85 23 93,19
3,13 5,10,62; 5,11,33 5,10 9345
3,15 511324 5,12 6315
5 5,10,63 7,17 8,4,10
732 51434 7,18 9332
335 1333 8,19 9345

INDEX

Cic. rhetorica

4,11 4339

833 4,2,132
1037 6336
1234

5,
13‚37 5‚10‚68
14 sqq. 7,6‚7
15,42 7,3,17
15,43 5,10,92; 7‚3,29
15‚44 7,3,29

16,45 5,10,93

