SCRIPTORUM ΕΤ ΑΒΤΙῈῚΟΠΜ

Cic. orationes

in Catil.>1, 9,22 9,3,62
10,25 8,6,41
11,27 9,2,32ς 9,3,71; 12,
10,61
12,3Ο 9,3,71
Π,1,1 9,3,46 et77
ΙΙΙ, 9, 21 5,11,42
IV ,2 ,3 6,3,109
in Clod. et Curion. 3, 7 ,2; fr 5,10,92

8, 3, 81, 8, 6, 563 9,.. 0, 6
p. Cluen⁷t. 2,17,21; 4,1,69; 4,2,19 et
85, 5,7,37 (Ρ), 5,11,13, 5,13,42,
6,5,9, 11,1,61 et74

20:

1,1 4,1,36;6,5,9,8,
6,65,9,4,68.92.
101.133
1,4 9,2,19;9.3,75 et
81; 9,4,75
2,5 9,2,51; 9,3,81
et85
4,9 4‚5,11
4,11 4,1,79
5,11 4,2,16 et 130;
11,3,162
5,14 4,2,121, 11,3,
162
6,15 4,2,105; 9,3,62.
77.81
11,32. 8, 4, 11
14,41 9,3,38
17 sq. 5, 2, 1, 11, 1,74
20sq. 4,2,19; 6,1,41
21 6,3,39
21,58 6,3,40
2363 9,2,51
23,64 ο,10,68
26 142107
27,75 5,11,22
29,80 9,3,82
33,91 8,G‚55
35,9G 8,3,51
36,98 5,10,108
37,103 9‚2,8
38,106 9,2,16
40,111 5,13,39
42 4,],75
48,134 5,11,13
48,135 5,13, 33
52 4, 5, 20, 5, 13, 42
52113 5,13,47
53,146 5,11,25
60,166 9, 2, 48
60,167 9, 3, 37
60,168 5,13 15
61,169 9,2,60

in competitores 3,7,2

p. Cornelio 4,3,13ε 5,13,18; 6,5,10; 7,
3,36, 8,3,3; 113164, fr. 4‚4,8; 5,
11,25; 5,13,26, 9,2,55,9,4,1228(1.

p. Deiot. 4,1,31

375

Cic. orationes
p. Flacco 11,l,89
p. Font. 11,1,89, fr. 6,3,51
p. Fundanio 1,4,14
p. Gabinio 11,l,73
ἕ. P Gallio (ὀμ-1166, 11,3,155 et165
e θὲθῆῗὲζιὲέ 6’75‚13,323;&4528
pro lege Man. 2,4,40
de proscriptt. liberis 11,1,85
p.Lig. 4,1,39.66.70; 4,2,108 ;5,13,20;
6,5,10;9,2,50; 10,1.23.11‚1,78

l,4 9,4,73.75.92.105,11,3,
’108 sqq.
1,2 4,1,67;4,2,109 et1313
8‚5‚13; 9,2,51; 9,4,
133, 11,3,162
1,3 4 2,110
2,4 4, 2, 51. 108. 110
3, qu 11, 3,166
3,7 9, 2,14 et 28
3,8 5,10,93
3,9 5,13,31, 8,4,27, 8,6,
12, 9,2,7.38.57; 9,4,
99, 11,3,166
4,10 5,13,5; 8,5,10, 9,2,29;
9,4,102
5, 15 8,3,85
6,19 5,11,42, 5,14,1;9‚3‚36
10, 30 7,4,17
1Ο,31 5,10,93
12,35 6,3,108
12,37 8,5,3
12,38 8,5,7, 9,4,107

eontra contMetelli9‚3,40.43.45.49.50
p. Mil. 2,20,8, 3,6,12 8193, 3,11,15,
4,1,20 et313 4,2,25 et 57; 4,3‚17;
4,5‚15; 5,14,22, 6,5,10; 7,2,43;
9,2,41, 9,4,133;10,5,20;11,1,40;

11,3,47
1,1 9,4,74 et 93, 11,3,
47sqq. ⁸

2,5 8,6,48, 9,3,77
3,7 5, 11, 12
3,8 5,11, 16 6118
3,9 5,14,18 sq
4,9 5, 11, 15, 8, 5, 11
4,10 5, 14, 17et i9'; 9, 3, 83
4,ss 5,14,17
5 5,2,1
7,17 5,10,41

10,28 4, 2 ,57

10,29 4, 2 ,121, 5, 10, 50, 7,

1,37

11,30 4,4,2

12,33 9,2,5461ῑ56

13,33 9,3,6

13,34 sq 8,6,7

16,41 5,14,3

18,47 9,2,26

20 5,10,37

