376 INDEX

Cic. orationes

p. Mil.20,53 8, 6, 41
22,59 9, 3, 30
2260 8, 3, ’22
27,72 5, '11, 12, 9, 3, 28
2979 5, 14, 2
31,85 9,2, 38, 11‚1,34; 11,
3, 11'5 et 167312,
1(’›, 62
33 9,2,41
3494 6,1 27, 9 3, 28
37,102 6’,1,24;1’1,’3,172
38105 11,3,173
p.Mu1-. 2,4,24;11,1,69
1,1 9,4,107
2,4 5‚11.23
3 4,1,75
5‚11 4‚5,12
6,14 9,2,26
8,17 5,11,11
9,21 5,13,27
9,22 9,2,100; 9,3 32
11,25 8,3,22
12,26 7,1,51
13,29 8379, 9,3 36
17‚35 8,6.49
17.36 8,3,80
2960 8,6,30
3573 7,3,16
36,76 9,3,82
3779 6,1,35
,3780 9,2,18
39,83 5,10 99

fragm. (?) 9, 3, 21
81, «3031317,Η 2 ,51 e

Phil. ΙΙ, 1,2 11,1,25 sq.
2,4 5,13,38
17 5,13,38
25,62 9,2,47
25,63 5,10.99, 8,4,8. 10.
16; 8,6,68, 9,4,23.
29.44.107,11,3,39.
1671172
26,64 9,2,26, 9,3,29
27,67 8,4,25; 8,6,70; 12,
10,62
1ΙΙ, 4 5, 13, 38
9,22 9, 3 13 et 72
lV, 3, 8 9, 3 86
V111,1,2 3, 8, 5
1‚3 7, 3 25
IX 3 ‚8‚ 5
3, 7 7, 3, 18
XI‚6, 14 8 3 29
XIII. 19 5 ,,13 38
in Pis. 3,7,2
1,1 5, 13, 38
1320 9 ,,3 67
3033 5, 13, 38

Cic. orationes

in Pis. fragm. 9, 4 ,47 8176, 8, 3, 21; 8,
p. Quinctio 1,4 11,1,19
25,78 9,3,86
pstiab. perd. r. 5, 13, 20, 7 1,98116
. x 6,18 11 ,3,169
9 6, 1, 49
p Rab. Post. 3,,611, 4,1,;468149 4,
2, 10, 9,2, 17
3, 7 9 3, 6
10, 28 4, 2, 18
17 ,46 11,3, 172
de lege Alex. (?) 1 ,,5 13
de har. 1·.esp 5,11,42'
p. Rosc. Am. 4,2,19, 7,2,23
22 4,2,38119, 9,2,53
26, 72 12, 6, 4
p. Scauro ambitus reo 4,1,69
p. Scauro repet. r. 1, 5, 8, 4, 1 ,,69 5,
13, 288140, 6, 1 ,213 7, 2, 1ος
11,1,89
p. Sestio 54,115
p. Tullio 7,14

8, 3, 34
4, 2 ,131
24, 56 5, 13, 21

proVareno 6,1,;49 7,1,9'et12; 7,2,10.
22. 336 fragm. 4,1‚74; 5,
10,6;9 5,13,28, 8,3,22;9 9,
2 ,56

in Vatin. test’em 5, 7, 6, 11, 1 ,73

pro Vatinio 11 ,l,73

Or. Verrinae 4,1,20et31, 4,3‚13; 6,1,
54, 6,3,4; 6,5,4, 10,1,23;

11,2,25
Diu. in Caec. 5,13.18
1,1 4.1,49; 9,2,17
2,4 9,2,59
12,40 11,1,20
13,41 11,1,44
14,45 4 „5 24

Act.1 c.15sq. 4,1,2Ο; 6,1113
Aecus. Ι, 1,1 94
3,9 8, 4
24,63 14,-1⁰.
30 4 2
30,7ίό 11,
30,77 1,
[12,109

{mm-54

9

5'
46,121 6·
11, 1 3
30,7.3 4
lv, 3‚5 1
17,37 9,
20,43 9,
2357 6
26,,67 9
43,95 6
48 3
5

9

55,123
v, 2,4

